091
382
92
076
67
0
8934
308
7
71
37
9518
910
3
358
9
70
498
025
6972
0578
802
2546
107
378
2
816
470
745
742
178
3451
856
1
2098
0376
349
1436
6391
2964
6721
691
731
23
74
9617
65
62
32
50
4
291
297
6820
52
5
381
6710
1459
81
61
6798
746
0495
12
3728
540
5760
105
901
068
8
984
9374
8571
420
902
26
35
86
13
793
4175
397
6
780
713
04
7052
2085
96
086
17
580
023
509
91
839
03
681
82
548
237
6945
1089
5364
950
9708
16
9063
0391
6143
190
28
29
07
24
9728
09
016
2693
63
1954
518
98
2890
587
7892
8913
9682
5026
19
6507
6328
49
098
4583
30
710
5672
9714
124
4519
024
87
018
0937
9530
8162
27
36
369
705
7908
2078
2493
293
723
2856
47
1072
5079
0138
875
7369
85
80
7039
95
2196
2163
9621
720
510
862
613
5743
812
089
5208
167
6357
948
9386
5230
2658
6943
896
309
1935
8392
321
824
102
05
9762
701
415
6047
320
7561
247
935
76
0891
06
621
94
186
604
6758
0249
9516
523
7546
143
198
609
3907
41
538
58
6841
90
529
8720
9620
08
360
59
84
489
5873
8146
73
8175
9058
79
1940
368
1825
741
914
9743
374
201
4659
68
46
236
4160
4378
081
815
18
605
31
7925
038
7598
132
75
57
248
48
6248
9610
1632
4765
280
027
0653
1876
0675
974
14
964
5896
7204
325
278
675
7218
0687
9752
3980
01
037
743
9250
8406
8024
3591
917
5647
8915
60
476
1708
0261
864
8541
89
4913
549
8035
5769
83
930
5480
306
5286
432
479
9047
813
590
3407
8649
0246
461
753
798
1450
3801
2390
7642
3876
1950
704
958
152
058
93
2573
6519
4180
071
4609
173
15
38
180
158
0518
7419
2069
20
7601
0214
5187
569
8254
25
9568
1350
763
8359
9053
2685
3480
8375
7031
3240
642
2634
843
4705
0953
428
3854
043
3720
689
8067
571
7539
214
8176
3264
253
516
6392
287
21
702
362
97
7342
3921
4071
872
78
5910
854
845
274
8735
346
3457
946
4685
8092
0913
986
6372
1042
8764
354
2813
2740
40
639
796
4381
9201
315
281
5196
0715
183
517
72
5781
9842
6851
235
417
6915
4209
823
3651
6183
6205
873
359
4275
375
814
576
8034
867
623
64
168
0519
487
69
341
739
5167
7054
0397
7345
6590
6028
2703
1389
719
7504
657
295
768
4623
031
423
5624
631
6024
5834
9026
45
6937
506
4308
7823
364
504
4358
9764
4139
5427
403
5874
8497
9012
5932
9267
3648
4103
230
8635
6018
9786
6291
3601
3561
601
51
9783
1624
5093
7512
795
632
635
1679
531
794
4207
7253
8054
052
3108
0597
204
563
904
876
9453
3190
439
2485
352
0973
925
260
0264
194
4261
1496
5203
6852
953
4790
697
2648
4972
259
9784
2639
405
314
109
408
3671
0589
34
1469
240
3458
6345
9807
9145
032
582
175
1457
840
5601
0641
512
3890
059
807
562
8721
527
210
8152
084
10
3280
7106
4168
0413
0245
159
036
205
1854
6592
5180
398
835
9480
834
3059
0534
5281
2048
1097
607
6980
7349
53
758
54
3906
671
1687
8976
608
0168
698
924
9032
0921
1452
192
269
318
9456
975
685
0123
2635
376
8407
02
307
5124
5071
56
0354
0612
640
283
9428
356
907
2458
069
2186
386
39
1394
496
3450
638
7463
9215
841
987
6853
324
8630
460
5618
612
5973
43
4817
2305
197
2071
7685
231
3871
3965
218
7382
6719
2491
951
2607
416
9578
049
2374
3589
4703
6498
850
153
2479
9473
2598
426
7541
759
0874
2976
2618
3072
1740
615
6179
7935
5894
8294
2981
418
3528
429
651
215
6842
495
1923
327
9217
624
7860
926
0418
7524
0315
4596
4562
0367
579
9650
1849
8907
7254
4681
7023
4032
5391
0691
095
3806
748
5298
761
1964
2915
2934
586
6928
8645
5426
7521
203
2947
954
7543
4289
357
185
5190
2483
573
678
238
4360
5903
1546
6579
4523
648
9541
156
4683
2475
829
0346
852
0619
6085
328
4013
0567
348
8632
9718
304
1836
4965
597
4213
3028
389
7410
6289
879
4038
5837
251
3571
2910
138
0157
734
9467
450
916
4985
219
42
302
892
7340
3910
5096
2379
289
1670
629
724
5360
961
127
7901
967
276
1507
803
847
029
2897
6153
301
4018
094
821
3817
462
9275
8127
3842
2506
256
8719
157
4901
2708
2956
572
286
5943
5724
3895
9083
4708
409
045
0462
5984
819
8064
351
054
3914
0831
481
973
4369
913
3149
073
154
0796
942
6348
9348
6238
0358
2839
3862
478
1539
9675
275
8634
453
410
4561
5176
482
714
3824
2375
0659
0472
6453
718
972
7341
0825
427
894
0614
9230
8567
3908
162
715
4392
7249
532
5817
934
047
5912
7659
5701
5823
9850
3298
3147
3241
4296
905
6059
4729
6957
978
3120
6103
4651
596
419
2419
7245
682
145
546
9851
3608
3075
485
8490
2043
5621
0892
539
810
8263
6512
542
3759
075
4796
9523
5607
3942
3270
7358
6524
8124
8950
789
267
534
6837
560
263
5397
725
8036
9507
0716
394
3017
5284
473
3820
039
7491
2561
9327
6784
2174
3760
6429
0524
4958
8456
9670
4812
8056
9182
3812
8053
5921
165
4527
3682
5964
7269
6254
8530
1769
3752
035
962
1529
406
8372
650
270
4912
9736
9478
0615
6320
258
0849
0827
625
6390
026
3740
8576
042
6572
0862
7364
9134
2086
9673
0863
8203
1342
5243
968
457
106
6481
367
9270
0513
785
3746
0145
918
634
7906
2846
2481
5182
6075
1690
740
982
2076
108
6981
567
9640
8317
3082
0962
4870
6584
4731
786
568
4875
0846
6914
3178
1283
148
7538
514
8452
561
6570
326
507
8125
3265
2160
9561
7438
890
5712
5103
936
2451
0923
695
4850
3126
3524
5684
6752
971
805
5791
792
502
4816
7458
5023
6294
1786
136
021
2194
3526
179
5197
6475
897
2168
6093
956
5916
6819
7148
3456
827
726
209
589
619
9381
976
7296
3106
371
574
0742
637
4581
6537
5140
385
7921
7086
7105
298
046
9854
8460
1345
7051
3428
5073
316
541
3498
483
196
137
4932
123
379
6249
6192
937
7835
8345
5871
8291
6804
7450
3207
6952
9834
8623
610
9150
217
0435
1570
4923
831
7893
8026
0479
4167
0864
3956
1739
3256
7821
3185
093
7094
305
4728
4136
206
342
7608
8063
0593
912
7043
598
9726
8731
1948
736
5821
7042
0546
3829
4890
7865
0458
2370
3819
0483
135
762
6854
4921
9763
170
1835
4586
6832
3209
5120
6432
3042
5934
4397
712
017
8972
9421
1297
7652
8271
7059
413
6902
5790
1043
4697
809
187
0451
716
130
1780
2415
149
2518
4938
9427
5209
0159
3867
9018
2836
431
537
0873
012
4792
4506
3517
407
2581
7452
4051
6978
957
963
063
9308
6702
096
980
7596
692
0815
1502
7290
468
5268
9865
751
528
6859
9845
703
782
781
9716
0654
932
1805
1650
8537
591
9657
4752
3064
7526
9645
5749
6134
6125
3562
1658
6310
3950
5693
6247
9237
5628
7018
3678
837
013
8324
501
8724
6541
1709
361
8469
842
1380
627
9847
7961
2745
983
0861
9825
471
7623
694
801
8301
8306
6145
519
0928
3749
1702
9173
863
6892
463
503
853
312
2609
508
3158
2037
7064
1093
5982
4927
104
7408
1879
268
4356
5406
1326
3196
435
7159
3702
4029
2345
8049
2179
1932
687
4367
8937
1824
2180
6402
4298
193
9431
9417
9641
7390
061
647
6785
0561
965
172
3489
395
0761
9324
8410
2583
3297
053
480
392
0978
3568
9273
7208
345
3012
246
271
207
014
0957
3495
7894
5493
254
6387
3680
6243
3802
3987
4068
6421
134
493
760
524
8256
469
475
294
472
861
5623
520
859
467
078
5248
5027
8657
6921
430
4867
142
1847
7156
0364
4869
264
9643
5174
7861
659
1490
690
0172
521
1640
1056
3916
8430
2153
5179
1763
4821
1429
2538
3079
0951
9105
4162
8136
543
465
2753
0781
6794
8416
7839
8956
679
9502
6703
7632
6380
9514
2806
6548
708
790
3729
915
5126
947
2431
4280
1764
3518
9864
3976
1978
6504
6782
273
391
756
4631
3019
0213
4072
9056
653
826
8321
9087
617
871
4935
9075
492
9028
1258
0236
216
3502
0943
4713
4617
5970
4027
709
7810
4063
2715
3105
620
4059
4379
2109
5198
895
0531
1435
4736
870
7365
584
5764
350
5078
8170
9378
4062
952
2801
5084
2748
593
738
5293
4201
4963
6271
680
820
6317
9057
630
7312
7016
0867
6574
3579
9062
2683
490
4165
0319
174
4895
7853
3156
6951
261
581
4951
6287
048
2940
7602
5091
2647
8574
6742
3104
3482
0789
3981
3268
8754
2548
5718
1630
6149
4789
456
5247
2408
9142
1705
9487
2569
4837
8365
9350
4620
3054
1357
9016
6875
1842
8629
5460
9564
1378
5637
0894
4689
4915
9138
9234
8540
2547
1468
239
784
825
3092
0137
1320
5941
874
5604
3182
8051
164
791
0738
672
7639
347
4517
6382
3018
4516
208
6739
7081
8059
7834
4607
6753
1308
706
1420
437
804
891
3152
163
6302
8691
641
5840
5980
0258
497
2460
5491
9146
6420
9524
643
6795
4290
4012
1905
4976
5127
4520
920
938
1367
3569
6371
8639
4215
0714
0468
9052
7351
317
2054
7480
806
4376
140
836
213
0493
6897
564
846
729
6107
570
3046
2310
670
2850
5371
3165
0956
8179
5830
7405
0356
7590
9602
9412
438
5320
319
5789
6350
4357
8527
1867
658
5216
1832
8752
1870
9576
5780
6982
8149
865
3609
6845
1657
5368
243
817
451
2971
6384
3260
6185
1569
4803
0491
5681
1890
4576
6123
0193
425
0895
2165
832
1508
6359
0476
2416
4362
4653
9167
6309
3296
8690
9164
6159
1638
8370
9082
126
7264
9706
4982
0328
9761
5271
2537
150
8135
8096
384
7913
380
6120
2653
3107
923
5361
5890
1437
8439
592
7431
7649
387
0869
2706
3825
083
1685
5972
1386
7850
8921
1038
5698
2463
7068
4251
7932
2938
1273
0627
8159
2638
1574
2403
5416
2704
2854
074
092
6370
9425
285
8904
8197
8201
0271
985
1095
3514
491
4109
0182
0412
5374
3497
5138
8901
3194
8941
0461
6801
860
087
6893
7845
6209
5012
9874
7829
9750
6509
8713
9867
5782
4183
4678
2584
6419
7093
2769
034
7258
3628
1635
7362
6275
1295
7513
4513
234
067
329
5897
7394
8647
129
6750
752
9263
1580
3614
2763
6198
097
082
8143
851
3685
8349
2805
8914
459
5382
0517
4528
3096
0351
8716
2041
1506
0613
310
7283
6514
4189
4137
3612
184
2876
9537
8259
9065
7102
7498
7502
160
602
6829
4802
8641
2137
0725
3140
4957
6374
0498
2385
8156
0548
3467
7192
4083
1269
2793
5963
6589
754
3267
0836
4593
9274
8512
1205
674
7683
436
2167
2306
2983
0875
9486
8473
683
2489
6013
4039
1706
6201
0429
8369
5670
940
7286
3792
7910
7429
513
6528
5613
8123
526
9108
614
3089
8743
0724
9681
7916
6740
5462
8094
056
9734
3852
618
4783
6891
9605
6053
4936
2317
2531
7184
5348
412
1397
1359
3095
2106
6814
8295
4592
9531
5312
2739
1859
652
2053
7952
4267
0698
3410
5246
6751
927
3425
8293
7902
7950
2360
2718
6479
1987
0963
693
9586
931
7295
279
857
9573
5086
6725
4320
1907
6547
2508
0586
6089
9140
5971
8326
8253
8394
2378
5906
1279
139
893
9876
5976
3217
4630
2784
9814
9408
6849
7905
4085
1328
6715
8679
1720
2490
2834
4832
4568
603
340
8174
0842
0658
1590
5193
5390
0625
072
7326
6041
721
5392
7265
265
750
0421
8965
9481
8360
0375
8426
8376
1075
6874
241
6593
8316
2396
7562
749
6580
7082
0584
6217
594
9457
2154
1689
8652
4069
628
1549
7120
0152
8417
4768
6582
5827
9132
9547
0564
903
2015
8621
4720
4786
2407
1370
9571
5076
8431
2496
1738
5846
4573
9371
6907
4657
5983
3284
4318
5031
3764
7091
5812
5389
2059
5716
7386
2346
2504
8613
0541
5612
3610
1428
7058
9436
9823
654
4785
7062
1930
9261
5214
9325
6430
3065
396
4312
1927
8563
0187
452
6450
4031
6510
1589
8245
5394
547
4920
0749
2514
0532
869
8602
0368
908
9615
8391
769
1672
6947
943
7145
0917
3694
6459
0946
5029
0173
3420
5032
2874
7168
2746
7645
1243
1028
2453
9603
5730
1368
730
6954
2670
7140
9362
6472
7634
1274
8560
9632
9720
5279
7648
2309
7523
7540
245
7348
0628
7826
9745
3658
906
5172
1970
7832
401
051
7684
9302
7196
5072
065
6708
2143
9476
0296
8670
7210
2830
4978
6913
5619
8169
9581
2051
4057
7958
8962
5703
7485
1985
0143
1625
7593
3647
0678
1762
6408
3250
0893
4371
2430
7205
7529
7825
1453
250
8017
8570
3128
9532
2046
8967
5732
4089
8204
4627
4738
4861
2937
4891
0598
9432
8534
5419
2031
0158
1304
7518
5314
7392
6012
849
928
4073
6935
6917
5139
7239
1036
2651
3710
6581
2017
4531
1648
583
0185
5436
5429
6480
5843
9678
5860
8396
3689
2304
2968
2637
4087
0824
8740
1853
2315
2857
7294
4105
0872
1693
4301
0934
1096
1829
8219
2945
6079
0634
0437
1874
3674
103
7920
783
1290
1307
673
8594
5831
7104
9658
3157
536
2869
0942
6870
3809
402
4710
284
8415
7306
9158
6792
9852
9375
7261
8243
7805
2984
830
8305
9015
9651
3069
1924
169
9504
735
6540
6073
4309
7403
9563
8217
2134
9806
1286
290
0274
6489
5761
4023
764
0854
2953
3486
5291
1289
8103
3048
9204
4127
6958
1947
8027
7231
8610
5149
1942
2835
2716
421
085
7841
1726
0231
0183
6014
981
7560
1937
0931
9723
9346
8145
7804
0329
8643
3159
3504
5486
2603
7690
4158
8429
0348
028
176
2386
3051
765
2831
6395
0712
6745
1594
4153
9305
6321
0163
9283
3748
8150
8710
8674
9287
2184
8729
7658
5024
1480
6835
4695
2614
2486
2348
3926
3426
7165
9351
1398
3769
7325
0523
4952
3461
5801
9635
2401
4715
2980
5307
5409
7061
7641
4815
5967
4359
3251
1403
3761
6124
8367
3851
9624
6890
3087
6058
8790
6231
062
2049
6709
7095
9081
7291
4203
1294
5089
7209
5832
1489
1732
0816
7134
5872
4857
2578
1250
3810
0673
7945
1735
1784
1860
8309
0731
7802
4021
4305
8491
7324
4268
4283
8517
3645
5960
2643
970
684
8923
257
1354
6035
015
3904
3786
7368
2108
2593
6285
921
079
3175
0857
5697
9840
5687
5719
2410
1384
7836
1850
2960
4307
4368
0241
7423
4306
9684
4761
5236
5627
1869
7169
0734
9582
7085
0164
0753
9210
9742
7631
4968
0569
0971
1902
5498
7514
0932
7028
3475
195
8364
6743
8520
2970
4351
4956
6583
960
1409
5219
2195
296
3172
5210
6754
0984
2754
2089
8196
8395
7635
5048
2091
7625
057
1538
9347
1364
6329
5862
4637
1742
9521
7415
0784
5731
146
3796
1607
0247
6318
7963
9746
4065
0694
8132
2169
4120
1980
7482
578
8523
3925
2349
8742
9176
7614
8917
7962
5928
6274
1579
4380
8129
6850
5461
0127
7459
5783
5249
1536
4186
1298
7569
8470
8651
8625
5108
9103
7628
4019
0216
4258
7013
9654
125
1498
3985
5308
5376
9526
1826
2358
6312
7352
4361
1374
0793
2931
1048
8730
0954
5867
5472
8214
4872
5608
1653
8920
5490
128
5864
3847
4892
4218
4510
7820
3618
3204
0465
0685
8479
2570
6230
6839
4328
5803
2371
4260
0631
1837
0758
9128
7594
8671
6137
7402
2140
3954
9715
3617
6327
732
6219
4273
1965
1807
1768
3290
4237
2135
1023
2105
6283
4629
5680
6083
8905
4975
9517
9405
5318
9403
7032
7190
9157
4719
6813
1078
9342
3416
9073
1943
5016
7360
1497
2958
2164
0482
5706
0327
4589
1260
9256
2963
2560
7315
7842
8279
1063
2159
182
7680
7234
6354
3179
7198
2391
5482
0726
0154
3547
3245
6490
7385
0234
3029
6352
120
8421
2601
5748
9317
8193
1094
8524
7584
4157
7851
4159
6298
2764
6932
3879
8531
3506
6847
4712
4650
1756
1369
6741
3781
2610
4580
4391
3546
6950
6872
1634
1760
4925
8970
486
5987
0985
0981
6245
9163
7201
9475
7125
4823
9278
0189
7083
8974
6193
645
2193
5742
9285
6213
3081
6483
0129
2870
3845
8307
4810
1472
1523
0914
2586
5369
4163
3782
9542
0967
5620
8476
1647
5824
019
8961
0692
0591
9687
2849
3927
0471
0432
1034
5017
9307
5170
1528
3560
7194
3285
189
8465
0623
8579
8206
5013
2536
6084
1275
3861
3408
2351
0538
4967
1938
5870
1852
0915
0251
8562
0452
8953
5134
2604
8493
0723
7956
1806
3590
6087
5829
2096
1375
7580
5173
3180
5207
9045
1486
7135
7481
8761
8065
8230
8075
8619
4680
5098
0621
8249
1348
6473
5924
5260
0135
7914
5879
1467
1598
2654
6029
8963
2591
0638
9306
3967
7604
9725
1264
728
8746
7320
4036
7895
6078
7426
1379
3804
0829
8495
8607
1245
9870
5961
3982
0365
8093
1532
0395
6452
7089
1723
7350
0384
9027
4723
5908
2756
3849
390
4953
1482
4853
249
6052
4601
2861
7960
5231
5689
4130
3084
2735
5763
1736
7904
2530
6301
4730
3750
0759
6190
2307
4563
6157
5398
3716
9206
0379
3754
2107
2019
1567
7162
1873
2859
9084
0457
4852
8640
8925
1208
6513
5287
0751
3805
7862
7436
7492
5106
9612
7056
6803
7694
8130
3491
6158
9156
9853
9276
9312
0537
0562
9631
3901
2093
8379
5019
6538
9637
5306
1748
9801
5342
6108
9376
4385
7510
4108
1984
7654
5062
8756
2436
6418
2517
2761
9674
9021
4613
2564
4285
6279
0267
1572
0926
2579
3850
458
2350
1356
6258
7321
3427
7361
8250
0582
9326
4652
9247
7260
5346
2074
2406
9238
6729
0485
2875
8951
8492
0835
2781
7412
3154
8290
4107
1560
941
1504
9863
6478
2130
530
7398
0645
1392
6017
9741
1438
0912
1423
1620
4835
2845
9765
3790
4830
2630
6923
2904
5160
3125
6439
9401
3970
147
2709
2736
6834
3257
4798
6493
1052
041
1069
7503
5104
0162
6324
6501
3160
1904
7582
1537
8463
2574
6208
7618
7605
2178
3549
6413
3184
9107
3826
0475
9824
8273
7396
6470
4986
8912
945
6731
2758
9187
4502
3281
8234
9836
3540
9803
2689
0637
0732
5301
2804
8507
4173
0823
1276
5296
8231
6091
3742
8167
2470
8362
2673
1973
7395
1402
8153
7469
5642
2465
2413
7036
1896
7934
3510
2650
3056
1329
0819
6791
6251
1058
4297
8461
9627
4287
9846
9264
9076
4278
6315
7096
6417
0689
6938
2394
649
9826
2605
9023
4937
6187
2741
064
8765
1079
6901
9648
6130
9025
8642
6941
6495
6139
6057
6305
5274
4780
8340
1967
2147
3258
5061
9243
8074
5631
4671
8945
9387
4370
2571
0237
3429
5481
0821
3067
2780
1284
2497
7401
0769
8906
2930
5362
8601
1752
6821
2587
3791
0198
7483
5734
2941
3572
3470
3971
9860
3016
3840
4216
7328
9587
6857
3780
5037
3479
1347
5974
7246
1296
7206
5796
6927
3968
4508
2843
3745
6019
1830
7689
6831
8104
0128
7451
2987
5708
8596
9241
2341
3670
2014
4037
5049
0743
3712
0467
5917
1037
3520
4687
6502
7203
6458
8419
0215
7531
8031
3762
4987
2301
6423
8704
0341
3205
8310
6095
5142
9286
2985
4793
4917
3765
4219
6987
1743
0347
0265
0425
9125
7592
3401
9420
4973
1476
2509
5304
1608
0746
1782
7230
3465
4035
9625
1674
6802
0536
0186
3578
7941
9143
4916
1465
4813
8930
5184
8023
2549
2817
9284
8341
2063
9253
9048
2901
6174
5046
1695
6529
7948
6034
2734
8960
8304
9258
1654
3419
0845
0826
1956
8614
3476
4058
7420
0268
3062
7049
5206
6407
5476
3795
1682
9042
9147
2795
1796
4250
6142
0583
8390
5893
4067
7953
3621
1749
6738
0916
9321
1789
3920
6351
9470
3586
4839
7038
9623
1605
0175
4395
4831
3592
0783
8467
4871
2710
9804
7304
5478
2319
0178
9703
3756
6173
7912
4826
1628
8795
7581
7890
2608
2516
6781
2507
4610
0283
365
0417
4386
6920
7981
9730
2389
3784
4350
7241
8932
9185
5762
9013
6931
3718
7309
4905
8314
9037
3186
9534
0427
2139
7153
2456
4706
8045
7520
7432
2519
9407
8209
6523
7213
1387
0192
2487
3206
1463
2697
3948
8107
2906
6132
0514
7215
370
6790
9768
5094
6054
4093
7542
6378
9460
2563
9580
7430
5981
3691
5321
9508
8597
9815
4587
8603
4672
8564
0839
1724
6809
0423
9780
3094
4897
5217
3961
4961
9712
9367
3816
1365
6871
1207
0948
8032
0316
2459
5237
8946
9036
6235
7801
5913
0786
3061
5806
7564
4387
9463
6175
4836
3278
1267
4537
3841
7193
6239
9805
7986
0632
4530
5396
0478
3462
9041
7280
2719
0184
8172
9462
1728
6281
0643
4236
1027
7815
9871
2580
3946
3259
2873
5267
6597
5467
8732
5283
7682
4781
5692
3681
8320
4709
9254
6180
7509
0248
5439
2950
3247
8924
4693
8715
7928
1982
3098
9106
5328
5169
8347
5407
5739
8216
3164
8147
4317
3814
3687
7293
0326
5437
6810
5324
7613
2197
7092
3928
8014
0876
0369
3492
7453
6273
9072
4739
7698
0146
8513
0763
2749
6319
1593
0426
0496
9358
4971
6508
8423
9782
0571
6032
3724
8650
8374
0314
2596
7653
4602
8312
1758
6873
1839
7418
4389
4851
3208
2395
1324
2768
5261
8605
1820
5901
8352
9328
0275
3957
1897
372
5609
4603
1492
8427
3785
5902
8957
2457
6027
0925
1604
6518
6728
4560
7314
0147
3725
1349
9406
1302
0938
5729
6342
2576
9236
2157
3672
5634
3584
2016
8714
0389
9781
0294
3598
6039
1856
8275
0526
3496
2189
9174
4016
0362
8569
9257
5614
3581
1396
7819
2590
1754
1382
0897
3975
2058
5148
8251
0195
5194
8561
0386
9812
7132
9154
5039
3607
0148
9071
8539
5241
9510
9038
2173
6072
4076
1293
2175
9437
7259
4230
8971
6203
7021
9102
2437
3294
8342
9357
8105
1309
8192
9683
0516
5276
6280
8241
8260
9861
3174
2158
8142
3187
9104
9536
4628
2067
9607
7965
2057
5412
3597
7869
6178
3014
2478
0547
2903
1479
3058
3905
5891
8543
9165
7849
8712
9017
6457
2961
7681
0126
7843
4879
4208
6147
1087
5986
7109
9316
1039
1239
2681
5163
3201
0459
0765
0139
0142
8403
3602
0196
1792
4907
8723
7425
0549
4618
8942
6534
4532
3605
5102
2810
2847
1576
8437
8046
8029
5720
6598
1548
6971
9372
1306
5326
1578
8736
9740
2450
9647
8964
6824
0792
4123
2498
7938
8702
4078
1425
8346
1240
0218
2819
6234
9364
2657
7930
5189
0289
5239
7830
6379
5671
3507
2084
4807
1547
6807
4619
7516
8762
9370
9014
4132
2104
0798
9430
4725
8247
5183
8697
0945
5128
7163
3649
8195
6295
3071
0682
0674
2698
9318
9527
4670
5327
2613
1863
5937
4170
5947
9485
7859
5793
2087
8952
8516
1426
1203
8013
6517
0573
3168
2916
6401
3150
8043
3708
5417
5270
9340
6398
1405
3289
4571
6783
7219
1803
6150
8936
2679
4608
2730
6094
2871
2946
2095
5380
0579
0416
1750
2384
0935
4182
5968
9085
9175
0975
3516
9205
2308
7549
8739
1362
8547
8693
2649
0617
1583
5341
3640
4860
9813
1795
8210
3417
6591
6037
1596
7406
4582
1235
2619
1962
4198
7621
5143
0635
2978
6984
3421
0652
4075
2364
3719
1794
9170
1487
2398
4758
3894
7413
3485
7248
3402
6218
9831
2594
3794
6015
9345
4698
4825
3870
0719
7416
0521
6385
4928
8451
1603
3124
0817
9738
7139
8549
0983
9756
3659
6549
9271
1975
0629
2146
6105
6985
6720
0217
6735
1623
5738
3859
1473
9152
6908
4960
8325
3915
1823
5679
3872
0859
2318
6543
0572
4238
9301
8190
3641
2150
6148
0574
1862
4635
3625
1340
2957
6038
0297
5836
6823
1906
5839
8019
9320
5137
2895
1872
1287
2539
8354
2975
1427
1083
0843
0924
7284
0927
3521
3821
0847
5820
1325
5107
8620
4682
3846
4053
4015
2047
5629
2914
7854
6451
6492
8653
2405
2597
8401
6732
3604
4239
1390
6102
8264
3580
8106
1857
4578
1495
9265
4126
0238
6571
3169
0539
4970
0794
6825
2894
3629
8673
5234
2185
4809
9713
9126
7840
1683
4097
3214
9461
8302
7182
4751
4926
9751
7381
7048
1609
5329
9608
8071
9471
9548
3924
6259
2418
3254
4931
5632
2480
7456
9451
0398
8265
8069
8973
5132
7186
0728
2907
4365
9207
8793
0259
1067
5469
4570
5047
6573
2501
2694
6983
9628
2469
4102
6701
4217
5468
8213
3091
3947
3057
2357
6491
4135
4760
1230
6051
3576
9035
0428
6092
2540
7439
5428
9240
2568
0718
1543
5847
6789
8753
7240
2409
0392
2340
1945
8741
3945
4205
3027
9168
9821
1746
5704
8073
6520
0735
2467
7814
7563
3162
9368
7289
5018
1976
9136
9120
4819
1236
3964
5041
8246
6172
0563
0436
0639
7128
2791
5092
9512
0812
4086
5269
4873
9281
6278
6375
3170
6793
1680
5192
1958
1268
9702
2837
3541
5178
4501
0739
2860
5826
5927
1470
1928
5349
5736
2687
4190
3197
6843
6240
5381
2965
0721
5316
7035
1460
8726
5768
3697
4259
2438
4152
1698
0568
3068
4235
9685
1049
3192
6397
7183
3041
3690
6297
1456
3195
4893
5740
9837
5164
7150
1875
4859
5723
5861
2948
7946
8076
2936
1809
5483
7806
3986
9562
7310
5201
5264
2905
1280
6314
6127
8796
2061
5798
0684
3142
2170
4279
3897
7985
4526
5021
6812
7359
3015
6204
8510
5218
4962
7692
0972
9613
1765
1358
1237
1652
7012
0243
9482
1406
1204
6530
6805
4903
0947
9483
1064
3857
9873
1936
0345
3865
5710
2750
2039
6749
1894
6974
3692
9137
0752
5639
2891
4795
3460
8927
4291
9280
4763
1983
9354
7356
6097
5423
9760
2495
7612
3864
5962
8910
1573
2743
7896
4326
2908
7852
8154
1953
0342
4192
4195
9248
7329
2439
5809
1248
3052
1582
3481
1430
5083
3807
4129
9260
8235
2867
2417
5496
5431
7435
7816
5802
7160
1478
1602
0671
1827
6128
0762
4908
7389
7968
7268
8471
0987
9652
3652
3620
0748
9583
5842
7354
7251
9127
8037
7864
9148
8609
0415
2079
1084
9450
8435
5978
8532
0695
5403
2190
3654
8371
2794
3650
5914
0382
1408
9630
4673
4930
0219
9352
5109
7316
3215
9130
6705
0287
8612
8572
0374
3875
1734
5892
4271
5418
8270
8475
9458
6349
4263
0174
6293
8672
4286
2671
1957
4862
2896
2369
4315
4256
2387
2807
7486
2056
1493
5278
4017
1073
5816
1526
1256
6197
5471
2397
0169
7063
4572
2038
7926
9356
3896
6723
2678
7983
2589
0879
1265
4398
3891
8236
4625
7108
3587
9438
7384
0295
3024
7195
7918
3529
3274
3519
7189
9423
8745
4612
7903
7638
6325
7489
6048
2136
4396
3049
7942
7954
1643
3085
8705
4329
0254
2645
9086
5067
2083
0136
9672
4138
4639
7460
2073
7619
8157
3768
7346
9680
5402
7143
5074
8706
5430
2680
4805
6704
4950
6471
2615
1249
7026
0651
1059
8627
8546
6304
7462
1527
2659
5936
3176
9601
8509
1475
5367
6290
4231
8935
4902
1592
0263
6341
2534
6074
2365
5923
5714
9043
2473
1846
6438
7041
0387
0318
2713
1253
9360
0576
2156
4590
1540
8703
7180
4539
1407
4125
8592
1968
5014
8413
4906
9426
3751
0371
9520
0936
4098
4187
2917
2617
1645
4028
4718
1730
7924
7812
9832
9875
6487
3675
8126
0492
6412
0235
3219
9560
3146
9724
8137
9231
7146
4512
3951
5136
5289
3490
7158
9184
6389
0736
2714
7923
2731
5746
0453
0764
1462
6431
8763
1642
0456
4856
2541
2691
6021
0968
9310
3468
8769
5649
7603
4529
6098
3074
2796
1047
2368
3078
1086
7149
6953
4732
8751
7053
1458
1238
7915
0394
9046
9203
7301
6403
9754
3021
6427
2641
0179
5931
8357
2864
3706
7019
2785
8462
7568
8039
2816
8514
5378
8593
3216
9216
8327
0527
9841
4321
4910
9415
1673
8502
0372
5302
3148
5463
8257
1068
4156
1376
0672
0865
6713
5726
8457
0587
3856
1234
4701
4721
9503
5942
8239
9315
6405
5310
4605
8931
4265
4210
2361
7138
4372
7610
1783
1864
2036
2354
1053
7129
8591
3984
7409
1703
9614
0679
9246
0982
5674
4980
6532
9385
7691
4692
5297
9604
7123
7305
6748
4025
4197
0352
4521
8025
1563
6587
9748
8079
7964
0357
7263
7024
0543
7640
1920
9024
0986
5807
7643
5810
2675
7421
2790
6497
1257
5147
3624
3471
4507
0624
8215
7103
9452
5804
2951
0782
5479
8459
7984
5940
1035
9820
0286
8529
3548
1759
8356
3291
2198
5690
9618
8504
1352
0256
9418
4509
9186
3758
5168
8163
5694
4876
6043
6918
8274
3874
7124
6925
3642
2356
2631
2187
7308
1963
4679
9816
7856
8675
0167
9543
8425
9064
7695
0649
4615
6904
3025
2798
5640
8397
2935
8692
8759
9208
8276
1790
1697
8659
9546
6129
5489
5938
7931
9574
4567
5794
0487
4150
2967
4269
8237
8734
1925
4750
7281
0542
2513
3974
2359
2138
9051
5673
7461
9513
3902
6284
6759
9413
6308
4325
0918
1520
9382
6170
3210
4176
7980
3869
2013
8405
8240
0512
1246
7496
6081
0281
8604
3246
3189
2760
2347
3412
4896
2814
6503
5130
9538
5813
3619
1986
4382
1974
1029
3405
1725
0134
8506
1360
7069
2381
6437
3789
4726
4621
1062
0317
9671
8453
6905
8519
2367
7243
7285
3469
9856
3815
2314
1432
2684
5213
6415
6104
3567
4702
5678
3509
2809
4319
0856
1278
3798
8140
0594
6435
4756
9705
6195
8521
1834
1934
6948
8351
8102
0729
1895
8472
5841
2863
1639
4538
5290
6942
0349
7548
3972
1597
3627
7302
6780
0194
3596
5370
0325
8954
5386
8173
0481
0321
3097
3741
1684
6042
2018
7493
6237
2376
0756
8503
8637
4056
6714
6934
1704
1026
1637
7391
7630
7651
4106
5617
4276
9704
3167
2695
3501
8269
7136
9857
7065
5904
8496
6539
3109
9830
2064
2913
1802
5683
4253
1206
2567
0851
3960
4316
8916
7164
1729
0785
8139
3512
1678
9567
8926
2701
5379
7501
2789
5721
8329
4769
0814
6082
3615
0592
2765
0745
0852
4052
1483
4753
5784
6910
5648
6830
8615
5129
2918
4827
8164
6394
9465
3248
3409
9753
3275
4638
8694
3527
2786
2705
0284
3459
9802
6025
6049
5068
0693
0324
0273
2183
1057
1485
9710
0642
7863
9214
2503
0156
6879
6307
5638
7046
5240
8420
2783
2815
9153
6135
4295
3406
6071
9732
7235
1845
7534
8725
7589
8624
6531
7014
8940
1346
6924
0132
1926
0871
8617
9235
0239
4091
1372
1085
7831
0278
0965
6542
6215
4096
8095
8943
6940
5034
5713
7506
9501
3704
1564
6817
0657
9123
3827
7803
0197
0974
1032
5948
5876
8902
0941
6425
9528
0976
8573
3478
0741
2759
0486
0648
3564
6724
6930
1629
3198
9827
3679
7029
4675
3570
1675
0279
7098
4863
8450
4579
0581
1568
1327
5432
7532
8750
1530
1960
2943
5028
1542
0463
7583
9642
7615
7216
3698
0431
9365
9178
0473
3269
0647
3978
1692
9572
9810
3941
9034
5926
6154
8072
2751
1054
8432
7250
8709
7130
5849
0276
6894
0713
5401
6194
3721
5038
7508
8194
3912
3261
2841
3286
2543
5372
5497
7015
1908
2075
8794
5682
5146
0124
4759
3276
3917
3102
1082
2103
6912
8109
2065
4206
6815
9135
9468
5920
1562
0257
9068
9735
9314
8436
6428
3045
5317
1263
6184
7951
1753
0528
4302
8134
2640
8160
2045
5309
7428
7185
7620
5420
7238
8412
5421
4569
5280
1892
6152
8062
3582
2893
2097
1840
0165
4806
3709
4095
9731
3145
7152
6214
0618
6210
4518
4196
3279
7319
7650
2149
0768
1946
8792
9304
4179
2738
3574
4193
2435
5413
3127
3705
9384
6031
4829
6182
5709
2380
8016
1024
6347
5869
1254
9074
1025
0381
5946
4865
9361
3452
7936
1793
5814
5204
0837
8015
5162
9758
3952
3418
0795
1649
7624
0439
1285
4026
0896
2974
7154
6578
3684
9435
5123
0298
6257
5273
6140
1076
8590
7809
5470
4690
3958
8975
5492
9721
6340
1659
3026
7943
0964
1385
4716
5238
9472
5473
0253
3918
7045
8749
9584
8012
4597
8319
7495
6023
1584
7591
8701
4791
0958
5819
0153
9061
3715
1627
4270
8501
6482
8041
8165
1587
5610
3218
5702
3271
7490
9835
7824
5603
2461
5602
0841
5347
0961
9078
0291
9162
0359
6189
8261
7519
1972
4375
7126
5643
4185
9245
2094
5263
4352
2068
1209
9416
9172
8267
8297
9817
7214
7528
7380
5384
7586
1439
6250
2510
0853
6045
9410
5081
4061
1247
6973
5786
6840
9701
8315
2176
0681
0832
5340
3860
6718
9218
9843
8091
6730
7891
2035
5063
1503
8409
7465
8042
5082
7940
9785
3542
3487
8695
9183
1903
6521
6903
1524
3415
9160
9054
5487
0312
4327
1065
0489
5186
5042
3962
1098
4918
4691
8350
2081
5863
4735
3295
2879
1804
4390
7536
7813
5438
4591
4082
8061
6410
5319
7236
5064
1074
4178
5792
0529
5087
2468
4801
1694
9570
6827
6358
7025
8791
0438
5043
1893
5728
6138
9653
2690
0952
1785
9862
0813
1046
0683
5630
2148
7693
1745
2034
2853
0791
9540
0497
1798
1865
9067
8120
6207
4257
3940
7256
8542
9268
6970
0293
2803
7142
9380
5294
9124
6109
6253
1843
4128
4293
8097
4092
9031
3287
3726
1092
2986
8361
8536
5930
4503
0269
0385
7846
4079
6527
5907
9213
1305
5408
1534
8903
1045
3892
7609
8296
2145
4762
2840
3129
1952
3508
5410
9402
1270
4981
7530
6409
3695
8052
0396
0285
4536
7629
0754
1509
8205
7982
4310
9506
4172
8760
6975
0697
5641
8057
3594
5918
8047
1259
4983
6270
1586
7034
6485
2476
9872
5691
3657
0596
3047
0361
9341
9180
4658
0834
7468
0469
6594
2865
7318
8947
6895
4820
4081
2471
9638
8021
3714
8526
3086
2316
4598
0419
0176
5097
2973
5036
4169
6241
8654
3076
4281
6712
7084
3701
7298
3472
5387
2674
0378
9634
5069
0149
8631
2954
8207
9251
4782
6381
4632
8402
0125
6734
1395
2851
3249
5741
